912   2231    145    3100    876    1120    990    431
1300   2101    452    998      765     222     555    3111 
409   1599    711    315   2888    421    110     1800
654    987   2010   3201    222    888   1700    444
3311    211    321    654   1001    765    533   3001
125    987    671    317   1809   2755    411    901
1410    770    551   3200    432   2999    888    123
444    777   1300    311   2101   1900    889    222
631    501    321   2300    989    117    771    412
2500   3000    351    612    901    801   2990    200
2600   1400    500    711    333   1002    312    176
2440    991   3022    807    555    901    188   3210
114   2222    333    456   3311    431    710   2977
887    129    717    992    112   1555   3001    275
998    671    341    189   2910   2202    800    901
305   1801   1500    990    650    731    919    810
1100    410   2200    812   3020    155    212   2999
2799    707    500   2100    420    301    900   1122
788    550    411    222   2750   1720   1510    990
331    771    276   1777    610    909    411    765
901    450    221    317   3011   2666   1020    765
509   1801   2760    688    117   2000    431   3210
901    771    671    500   2201    991   3120    112
1232    220    901    777    189    451   2100    699
602    321   2901   3001    450    876   1099    333
765    987    412   2511   2766    199    889   1100
700    501   1800   2233    155   3111    801    198
2610   1500   1000   3099    765    317    611    111
412   1400   2666    555    210    765   3330    902
501   1501    267    411   3090    308   2711    177
2922    155   1120   3131    555    661    780    931
1455    812    411   1900   3211    202   2202    999